0.0 293.15 293.15 293.15
0.12 293.28534553249983 293.2879446079325 293.287958555551
0.24 293.41899641003704 293.42576582853144 293.42583397038777
0.36 293.5509738513056 293.56344512548856 293.5636257029149
0.48 293.6812988093214 293.70096444602405 293.7013330001763
0.6 293.80999197474836 293.8383062116839 293.83895490621245
0.72 293.9370737791838 293.9754533092925 293.9764902702041
0.84 294.06256439840183 294.11238908205655 294.11393775440735
0.96 294.1864837555568 294.2490973208197 294.2512958418835
1.08 294.30885152434615 294.3855622554639 294.3885628440297
1.2 294.42968713213384 294.5217685464565 294.5257369079128
1.3199999999999998 294.5490097630347 294.6577012765396 294.66281602341166
1.44 294.6668383609603 294.7933459425608 294.79979803017216
1.56 294.7831916326263 294.92868844744123 294.93668062437786
1.68 294.8980880505225 295.063715092281 295.07346136534164
1.7999999999999998 295.0115458558455 295.1984125685977 295.2101376819209
1.92 295.1235830613948 295.33276795069753 295.34670687876087
2.04 295.2342174544325 295.4667686881757 295.4831661423698
2.16 295.3434665995071 295.60040259854514 295.6195125470288
2.28 295.45134784124247 295.7336578599905 295.75574306054153
2.4 295.557878307091 295.8665230042463 295.8918545498249
2.52 295.6630749100533 295.9989869095966 296.027843786347
2.6399999999999997 295.7669543513629 296.13103879399495 296.16370745141285
2.76 295.86953312313824 296.26266820830153 296.29944214130387
2.88 295.97082751100044 296.3938650296373 296.435044372272
3.0 296.07085359665933 296.52461945485186 296.5705105853934
3.12 296.16962726046637 296.65492199410374 296.7058371512838
3.2399999999999998 296.26716418393585 296.7847634645515 296.8410203746792
3.36 296.3634798522346 296.9141349841536 296.97605649888436
3.48 296.45858955664045 297.0430279655755 297.1109417100924
3.5999999999999996 296.5525083969698 297.1714341102021 297.24567214157844
3.7199999999999998 296.645251283975 297.2993454022538 297.3802438777697
3.84 296.7368329417116 297.4267541030049 297.5146529581953
3.96 296.82726790987596 297.5536527451023 297.64889538131814
4.08 296.9165705461135 297.68003412698295 297.78296710825157
4.2 297.0047550282984 297.8058913073888 297.91686406636387
4.32 297.0918353567842 297.93121759997706 298.05058215277234
4.4399999999999995 297.1778253566268 298.05600656802517 298.1841172377302
4.56 297.2627386797791 298.18025201922785 298.3174651679085
4.68 297.3465888072587 298.3039480005855 298.4506217695752
4.8 297.42938905128796 298.4270887933825 298.5835828516744
4.92 297.5111525574075 298.54966890825347 298.71634420880724
5.04 297.5918923065633 298.67168308033644 298.8489016241175
5.16 297.6716211171675 298.79312626451144 298.98125087208376
5.279999999999999 297.7503516471335 298.91399363072327 299.11338772121996
5.3999999999999995 297.8280963958857 299.0342805593866 299.2453079366874
5.52 297.9048677063436 299.15398263687285 299.3770072828194
5.64 297.98067776688174 299.2730956510767 299.50848152556097
5.76 298.05553861326456 299.39161558706155 299.63972643482566
5.88 298.1294621305573 299.5095386227825 299.7707377867715
6.0 298.2024600550127 299.62686112488524 299.90151136599786
6.12 298.27454397593465 299.7435796445802 300.03204296766495
6.24 298.3457253375179 299.8596909135903 300.1623283995383
6.359999999999999 298.4160154406648 299.9751918401712 300.2923634839596
6.4799999999999995 298.4854254447798 300.09007950520294 300.4221440597459
6.6 298.553966369541 300.204351158352 300.55166598401877
6.72 298.62164909664955 300.3180042143019 300.6809251339654
6.84 298.6884843715573 300.43103624905234 300.80991740853267
6.96 298.7544828051729 300.5434449962847 300.9386387300568
7.08 298.81965487554635 300.65522834379334 301.0670850458295
7.199999999999999 298.88401092953234 300.7663843299818 301.19525232960194
7.319999999999999 298.9475611844332 300.87691114042224 301.32313658302905
7.4399999999999995 299.0103157296209 300.98680710447763 301.45073383705477
7.56 299.0722845281388 301.0960706919855 301.5780401532401
7.68 299.1334774182836 301.20470051000206 301.7050516250354
7.8 299.1939041151669 301.3126952996057 301.8317643789982
7.92 299.2535742122582 301.42005393275946 301.9581745759579
8.04 299.3124971829073 301.52677540923065 302.0842784121293
8.16 299.37068238184884 301.6328588535672 302.2100721201752
8.28 299.4281390466872 301.73830351212985 302.3355519702202
8.4 299.4848762993632 301.84310875017894 302.4607142708169
8.52 299.54090314760214 301.947274049015 302.5855553698653
8.64 299.5962284863442 302.0507990031724 302.71007165548724
8.76 299.65086109915643 302.1536833176653 302.83425955685647
8.879999999999999 299.7048096596271 302.2559268052842 302.95811554498584
9.0 299.75808273274293 302.3575293839437 303.0816361334727
9.12 299.810688776249 302.458491074079 303.204817879204
9.24 299.86263614199123 302.5588119960916 303.32765738302083
9.36 299.9139330772425 302.65849236784277 303.4501512903459
9.48 299.96458772601204 302.757532502194 303.57229629177215
9.6 300.0146081303382 302.855932804594 303.6940891236159
9.719999999999999 300.0640022315655 302.95369377071086 303.8155265684342
9.84 300.11277787160515 303.0508159841096 303.9366054555076
9.959999999999999 300.16094279418024 303.1473001139729 304.0573226612898
10.08 300.208504646055 303.243146912866 304.17767510982435
10.2 300.255470978249 303.33835721454335 304.29765977313025
10.32 300.3018492472357 303.43293193179784 304.4172736715563
10.44 300.34764681612654 303.5268720543506 304.5365138741059
10.559999999999999 300.3928709558398 303.6201786467814 304.6553774987326
10.68 300.4375288462548 303.71285284649935 304.77386171260815
10.799999999999999 300.481627577352 303.8048958617515 304.89196373236234
10.92 300.52517415033867 303.8963089696712 305.00968082429694
11.04 300.56817547876017 303.9870935143634 305.1270103045737
11.16 300.6106383895977 304.0772509050272 305.2439495393774
11.28 300.6525696243521 304.16678261411545 305.3604959450548
11.4 300.6939758401144 304.25569017552937 305.47664698823
11.52 300.7348636106223 304.3439751828492 305.5924001858969
11.639999999999999 300.77523942730414 304.4316392875992 305.70775310549004
11.76 300.8151097003094 304.51868419754675 305.8227033649336
11.879999999999999 300.8544807595263 304.605111675035 305.93724863266993
12.0 300.893358855587 304.6909235353485 306.05138662766825
12.12 300.9317501608596 304.77612164511106 306.1651151194134
12.24 300.96966077042845 304.8607079207157 306.27843192787617
12.36 301.00709670306145 304.9446843267855 306.39133492346576
12.48 301.04406390216593 305.0280528746655 306.503822026964
12.6 301.08056823673206 305.11081562094466 306.61589120944285
12.719999999999999 301.11661550226466 305.1929746660076 306.727540492166
12.84 301.1522114217033 305.2745321526154 306.8387679464736
12.959999999999999 301.187361646331 305.35549026451497 306.94957169365273
13.08 301.2220717566712 305.4358512250771 307.05994990479235
13.2 301.25634726337387 305.51561729596153 307.1699008006242
13.32 301.2901936080905 305.5947907758098 307.27942265135016
13.44 301.3236161643378 305.6733739989644 307.38851377645597
13.559999999999999 301.3566202383511 305.7513693342144 307.49717254451247
13.68 301.3892110699265 305.82877918356706 307.6053973729643
13.799999999999999 301.4213938332528 305.9056059810444 307.7131867279071
13.92 301.45317363773313 305.98185219150497 307.82053912385265
14.04 301.484555528796 306.0575203094902 307.9274531234839
14.16 301.5155444886964 306.13261285809443 308.03392733739855
14.28 301.54614543730656 306.20713238785896 308.1399604238434
14.399999999999999 301.5763632328975 306.28108147568923 308.2455510884382
14.52 301.60620267290983 306.3544627237945 308.3506980838909
14.639999999999999 301.63566849471573 306.42727875865046 308.4554002097031
14.76 301.664765376371 306.49953222998346 308.55965631186785
14.879999999999999 301.6934979373576 306.5712258097766 308.66346528255855
15.0 301.72187073931735 306.6423621912968 308.76682605981046
15.12 301.74988828677584 306.71294408814305 308.86973762719447
15.24 301.7775550278578 306.78297423331503 308.97219901348393
15.36 301.80487535499304 306.85245537830184 309.07420929231444
15.479999999999999 301.8318536056142 306.92139029219044 309.17576758183736
15.6 301.8584940628449 306.98978176079373 309.27687304436694
15.719999999999999 301.8848009561802 307.0576325857974 309.3775248860218
15.84 301.9107784621576 307.12494558392603 309.47772235636063
15.959999999999999 301.93643070502065 307.19172358612684 309.5774647480129
16.08 301.96176175737327 307.25796943677227 309.6767513963042
16.2 301.9867756408265 307.3236859928798 309.77558167887713
16.32 302.011476326637 307.38887612334935 309.8739550153077
16.439999999999998 302.0358677363376 307.453542708218 309.9718708667173
16.56 302.05995374235965 307.5176886379311 310.0693287353815
16.68 302.08373816864815 307.58131681263023 310.16632816433383
16.8 302.1072247912685 307.64443014145724 310.2628687369676
16.919999999999998 302.13041733900627 307.7070315418742 310.35895007663333
17.04 302.15331949395903 307.76912393899886 310.4545718462339
17.16 302.175934892121 307.83071026495577 310.5497337478166
17.28 302.1982671239603 307.89179345824203 310.644435522163
17.4 302.22031973498895 307.95237646310807 310.73867694837594
17.52 302.2420962263258 308.012462228953 310.83245784346474
17.64 302.2636000552524 308.07205370973395 310.92577806192867
17.759999999999998 302.2848346357618 308.13115386338967 311.01863749533817
17.88 302.3058033391005 308.18976565127764 311.11103607191484
18.0 302.326509494304 308.24789203762475 311.20297375611017
18.12 302.3469563887249 308.30553598899115 311.2944505481826
18.24 302.36714726855513 308.36270047374717 311.3854664837743
18.36 302.3870853393412 308.41938846156285 311.47602163348614
18.48 302.4067737664931 308.47560292291007 311.566116102453
18.599999999999998 302.4262156757868 308.5313468285769 311.6557500299176
18.72 302.4454141538608 308.58662314919394 311.7449235888046
18.84 302.4643722487057 308.6414348547726 311.83363698529416
18.96 302.48309297014845 308.69578491425483 311.9218904583954
19.08 302.50157929033014 308.7496762950742 312.0096842795202
19.2 302.51983414417776 308.80311196272845 312.0970187520565
19.32 302.5378604298703 308.8560948803625 312.18389421094287
19.439999999999998 302.5556610092987 308.9086280083626 312.27031102224254
19.56 302.57323870852036 308.96071430396086 312.35626958271865
19.68 302.5905963182077 309.0123567208501 312.4417703194099
19.8 302.6077365940913 309.06355820880884 312.5268136892069
19.919999999999998 302.6246622573974 309.11432171333627 312.6114001784297
20.04 302.6413759952798 309.16465017529697 312.695530302406
20.16 302.6578804612467 309.2145465305752 312.77920460505067
20.279999999999998 302.6741782755817 309.2640137097386 312.86242365844646
20.4 302.69027202576007 309.31305463771093 312.94518806242587
20.52 302.7061642668594 309.36167223345416 313.02749844415445
20.64 302.72185752196526 309.409869409659 313.1093554577157
20.759999999999998 302.7373542825718 309.45764907244444 313.19075978369744
20.88 302.7526570089773 309.5050141210657 313.2717121287797
21.0 302.76776813067465 309.5519674476305 313.3522132253247
21.119999999999997 302.78269004673734 309.59851193682346 313.4322638309682
21.24 302.7974251262001 309.6446504656386 313.5118647282131
21.36 302.8119757084351 309.6903859031198 313.5910167240245
21.48 302.82634410352335 309.73572111010867 313.6697206494274
21.599999999999998 302.8405325926214 309.78065893900026 313.7479773591062
21.72 302.8545434283236 309.825202233506 313.825787731006
21.84 302.86837883501966 309.8693538284241 313.90315266593683
21.96 302.88204100924776 309.91311654941677 313.9800730871793
22.08 302.8955321200434 309.9564932127948 314.05654994009325
22.2 302.90885430928375 309.9994866253084 314.13258419172865
22.32 302.9220096920275 310.0420995839455 314.20817683043856
22.439999999999998 302.93500035685076 310.0843348757359 314.28332886549487
22.56 302.94782836617884 310.1261952775623 314.3580413267066
22.68 302.96049575661345 310.1676835559773 314.4323152640405
22.8 302.97300453925607 310.2088024670269 314.50615174724453
22.919999999999998 302.9853567000273 310.2495547560798 314.57955186547383
23.04 302.9975541999822 310.28994315766283 314.6525167269194
23.16 303.0095989756214 310.3299703953018 314.72504745843946
23.279999999999998 303.02149293919877 310.3696391813686 314.7971452051938
23.4 303.033237979025 310.4089522169332 314.86881113028045
23.52 303.0448359597673 310.44791219162164 314.94004641437573
23.64 303.05628872274536 310.48652178347925 315.0108522553766
23.759999999999998 303.067598086224 310.5247836588387 315.0812298680465
23.88 303.0787658457014 310.5627004721937 315.15118048366327
24.0 303.0897937741946 310.6002748660773 315.2207053496709
24.119999999999997 303.1006836225207 310.6375094709455 315.2898057293335
24.24 303.1114371195748 310.674406905065 315.35848290139273
24.36 303.12205597260476 310.71096977440646 315.42673815972785
24.48 303.13254186748196 310.7472006725417 315.494572813019
24.599999999999998 303.1428964689691 310.7831021805456 315.5619881844134
24.72 303.1531214209845 310.8186768669027 315.62898561119476
24.84 303.16321834686295 310.8539272874176 315.6955664444554
24.96 303.1731888496136 310.88885598512996 315.76173204877176
25.08 303.18303451217446 310.92346549023335 315.8274838018829
25.2 303.19275689766357 310.9577583199984 315.8928230943719
25.32 303.2023575496273 310.9917369786996 315.95775132935063
25.439999999999998 303.2118379922853 311.0254039575462 316.02226992214736
25.56 303.2211997307726 311.0587617346168 316.08638029999776
25.68 303.2304442513784 311.09181277479746 316.1500839017387
25.8 303.23957302178223 311.12455952972374 316.2133821775055
25.919999999999998 303.24858749128686 311.1570044377261 316.2762765884318
26.04 303.2574890910484 311.1891499237785 316.33876860635337
26.16 303.2662792343035 311.2209983994508 316.40085971351414
26.279999999999998 303.2749593165938 311.25255226286436 316.4625514022759
26.4 303.2835307159874 311.2838138986504 316.523845174831
26.52 303.29199479329765 311.31478567791214 316.58474254291826
26.64 303.30035289229926 311.3454699581896 316.6452450275417
26.759999999999998 303.30860633994155 311.3758690834275 316.70535415869284
26.88 303.3167564465592 311.4059853839463 316.7650714750756
27.0 303.32480450608034 311.4358211764156 316.82439852383493
27.119999999999997 303.3327517962317 311.46537876383087 316.8833368602878
27.24 303.34059957874183 311.4946604354927 316.94188804765804
27.36 303.3483490995411 311.5236684669885 317.0000536568137
27.48 303.35600158895977 311.5524051201773 317.05783526600777
27.599999999999998 303.36355826192306 311.58087264317635 317.11523446062205
27.72 303.3710203181443 311.60907327035113 317.1722528329137
27.84 303.3783889423152 311.63700922230686 317.22889198176546
27.959999999999997 303.38566530429404 311.6646827058831 317.2851535124382
28.08 303.3928505592913 311.69209591415006 317.3410390363272
28.2 303.39994584805305 311.71925102640773 317.39655017072084
28.32 303.4069522970424 311.7461502081867 317.45168853856296
28.439999999999998 303.4138710186178 311.77279561125124 317.5064557682175
28.56 303.42070311121006 311.7991893736048 317.5608534932369
28.68 303.4274496594966 311.8253336194971 317.6148833521326
28.799999999999997 303.4341117345735 311.8512304594333 317.6685469881495
28.919999999999998 303.44069039412585 311.87688199018527 317.72184604904254
29.04 303.4471866825955 311.90229029480463 317.77478218685656
29.16 303.4536016313467 311.9274574426376 317.82735705770915
29.279999999999998 303.45993625883034 311.9523854893416 317.8795723215763
29.4 303.46619157074514 311.9770764769037 317.93142964208096
29.52 303.47236856019754 312.00153243366043 317.9829306862845
29.64 303.47846820785935 312.02575537431994 318.0340771244809
29.759999999999998 303.4844914821235 312.04974729998486 318.0848706299941
29.88 303.4904393392576 312.0735101981774 318.13531287897774
30.0 303.49631272355595 312.0970460428656 318.18540555021804
30.119999999999997 303.5021125674894 312.12035679449116 318.23515032493947
30.24 303.50783979185337 312.14344439999877 318.2845488866129
30.36 303.513495305914 312.1663107928667 318.33360292076696
30.48 303.51908000755253 312.18895789313876 318.3823141148016
30.599999999999998 303.524594783408 312.21138760745777 318.4306841578048
30.72 303.5300405090178 312.2336018290999 318.47871474037197
30.84 303.5354180489567 312.2556024380106 318.5264075544275
30.959999999999997 303.5407282569744 312.27739130084177 318.5737642930499
31.08 303.5459719761305 312.2989702709895 318.6207866502986
31.2 303.55115003892894 312.3203411886339 318.6674763210441
31.32 303.5562632674498 312.3415058807791 318.71383500080026
31.439999999999998 303.5613124734801 312.3624661612948 318.7598643855596
31.56 303.5662984586422 312.38322383095885 318.80556617163074
31.68 303.57122201452177 312.4037806775008 318.8509420554787
31.799999999999997 303.57608392279275 312.4241384756459 318.8959937335676
31.919999999999998 303.580884955342 312.4442989871612 318.9407229022057
32.04 303.5856258743915 312.464263960901 318.98513125739345
32.16 303.59030743261945 312.48403513285473 319.0292204946732
32.28 303.59493037327996 312.5036142261945 319.07299230898224
32.4 303.59949543032076 312.523002951324 319.11644839450753
32.519999999999996 303.6040033284999 312.5422030059282 319.15959044454326
32.64 303.60845478350075 312.5612160750236 319.2024201513507
32.76 303.61285050204566 312.5800438310094 319.2449392060201
32.879999999999995 303.6171911820081 312.5986879337192 319.28714929833563
33.0 303.62147751252365 312.61715003047357 319.32905211664195
33.12 303.6257101740991 312.63543175613313 319.3706493477132
33.24 303.6298898387206 312.65353473315236 319.4119426766248
33.36 303.6340171699606 312.6714605716338 319.45293378662666
33.48 303.6380928230828 312.6892108693833 319.4936243590194
33.6 303.6421174451465 312.70678721196526 319.5340160730324
33.72 303.6460916751091 312.7241911727588 319.5741106057039
33.839999999999996 303.65001614392776 312.7414243130144 319.61390963176365
33.96 303.65389147465936 312.7584881819109 319.65341482351755
34.08 303.65771828255953 312.77538431661276 319.69262785073425
34.199999999999996 303.66149717518033 312.79211424232864 319.73155038053403
34.32 303.6652287524667 312.80867947236925 319.7701840772798
34.44 303.66891360685173 312.8250815082065 319.80853060247006
34.56 303.6725523233506 312.8413218395326 319.846591614634
34.68 303.6761454796536 312.8574019443197 319.8843687692285
34.8 303.67969364621774 312.87332328887976 319.92186371853717
34.92 303.6831973863574 312.8890873279249 319.95907811157144
35.04 303.6866572563337 312.90469550462814 319.99601359397366
35.16 303.690073805443 312.9201492506839 320.0326718079219
35.28 303.69344757610367 312.9354499863696 320.0690543920368
35.4 303.6967791039427 312.9505991206069 320.1051629812905
35.519999999999996 303.70006891788034 312.9655980510236 320.14099920691723
35.64 303.70331754021447 312.9804481640153 320.17656469632556
35.76 303.7065254867032 312.9951508348077 320.21186107301315
35.879999999999995 303.7096932666468 313.00970742751906 320.2468899564825
36.0 303.7128213829687 313.0241192952226 320.28165296215917
36.12 303.71591033229515 313.03838778000926 320.31615170131136
36.24 303.71896060503434 313.0525142130507 320.35038778097135
36.36 303.7219726854539 313.0664999146622 320.3843628038589
36.48 303.7249470517581 313.0803461943659 320.4180783683059
36.6 303.7278841761635 313.09405435095414 320.4515360681831
36.72 303.73078452497424 313.1076256725526 320.4847374928285
36.839999999999996 303.7336485586557 313.1210614366843 320.51768422697717
36.96 303.73647673190794 313.13436291033247 320.5503778506928
37.08 303.73926949373765 313.1475313500049 320.58281993930103
37.199999999999996 303.7420272875296 313.16056800179723 320.61501206332406
37.32 303.74475055111685 313.1734741014567 320.64695578841713
37.44 303.7474397168505 313.18625087444616 320.6786526753064
37.559999999999995 303.75009521166817 313.1988995360077 320.71010427972845
37.68 303.7527174571618 313.2114212912264 320.74131215237117
37.8 303.7553068696445 313.22381733509445 320.7722778388163
37.92 303.75786386021696 313.2360888525748 320.8030028794835
38.04 303.76038883483227 313.248237018665 320.83348880957544
38.16 303.76288219436077 313.2602629984608 320.8637371590251
38.28 303.76534433465343 313.2721679472201 320.89374945244367
38.4 303.76777564660483 313.2839530104267 320.92352720907047
38.519999999999996 303.77017651621514 313.2956193238538 320.953071942724
38.64 303.77254732465144 313.30716801362763 320.9823851617544
38.76 303.77488844830833 313.318600196291 321.01146836899716
38.879999999999995 303.7772002588675 313.3299169788667 321.04032306172843
39.0 303.7794831233568 313.34111945892096 321.0689507316214
39.12 303.78173740420857 313.35220872462645 321.097352864704
39.24 303.78396345931725 313.36318585482576 321.1255309413181
39.36 303.786161642096 313.37405191909426 321.15348643607973
39.48 303.78833230153293 313.3848079778031 321.1812208178406
39.6 303.7904757822465 313.39545508218197 321.2087355496509
39.72 303.7925924245402 313.4059942743818 321.2360320887235
39.839999999999996 303.7946825644566 313.4164265875373 321.26311188639886
39.96 303.7967465338307 313.42675304582934 321.28997638811165
40.08 303.7987846603426 313.43697466454734 321.3166270333581
40.199999999999996 303.80079726756964 313.44709245015116 321.3430652556649
40.32 303.80278467503746 313.4571074003332 321.3692924825588
40.44 303.80474719827106 313.46702050408004 321.3953101355379
40.559999999999995 303.8066851488448 313.47683274173414 321.42111963004317
40.68 303.80859883443173 313.4865450850552 321.4467223754321
40.8 303.8104885588526 313.4961584972814 321.47211977495255
40.92 303.81235462212413 313.50567393319045 321.4973132257182
41.04 303.8141973205063 313.5150923391605 321.52230411868464
41.16 303.8160169465499 313.52441465323074 321.5470938386269
41.28 303.81781378914246 313.53364180516184 321.5716837641175
41.4 303.8195881335546 313.54277471649624 321.59607526750597
41.519999999999996 303.82134026148486 313.55181430061816 321.62026971489905
41.64 303.82307045110485 313.5607614628135 321.64426846614197
41.76 303.82477897710305 313.5696171003293 321.66807287480043
41.879999999999995 303.82646611072863 313.5783821024333 321.691684288144
42.0 303.8281321198345 313.58705735047283 321.71510404713007
42.12 303.8297772689197 313.5956437179341 321.7383334863886
42.239999999999995 303.8314018191717 313.60414207050053 321.76137393420834
42.36 303.8330060285073 313.6125532661115 321.78422671252304
42.48 303.83459015161435 313.6208781550203 321.8068931368995
42.6 303.83615443999145 313.62911757985233 321.8293745165256
42.72 303.8376991419883 313.63727237566263 321.8516721541999
42.839999999999996 303.83922450284507 313.64534336999344 321.87378734632136
42.96 303.84073076473123 313.65333138293147 321.8957213828805
43.08 303.8422181667841 313.66123722716475 321.91747554745086
43.199999999999996 303.84368694514677 313.66906170803946 321.93905111718175
43.32 303.84513733300554 313.6768056236163 321.9604493627911
43.44 303.846569560627 313.6844697647267 321.9816715485598
43.559999999999995 303.8479838553947 313.6920549150287 322.00271893232616
43.68 303.849380441845 313.6995618510626 322.0235927654815
43.8 303.8507595417029 313.7069913423064 322.0442942929663
43.92 303.8521213739172 313.714344151231 322.0648247532671
44.04 303.85346615469524 313.7216210333547 322.085185378414
44.16 303.85479409753725 313.72882273729823 322.1053773939791
44.28 303.8561054132702 313.7359500048386 322.12540201907524
44.4 303.85740031008135 313.74300357096354 322.1452604663557
44.519999999999996 303.8586789935512 313.74998416392475 322.16495394201434
44.64 303.8599416666863 313.7568925052918 322.1844836457866
44.76 303.8611885299513 313.7637293100049 322.20385077095096
44.879999999999995 303.86241978130073 313.77049528642823 322.223056504331
45.0 303.8636356162107 313.77719113640205 322.24210202629814
45.12 303.86483622770965 313.7838175552954 322.26098851077495
45.239999999999995 303.86602180640926 313.79037523205795 322.2797171252391
45.36 303.8671925405345 313.79686484927174 322.2982890307277
45.48 303.86834861595355 313.8032870832027 322.3167053818424
45.6 303.86949021620734 313.80964260385167 322.3349673267549
45.72 303.8706175225388 313.81593207500543 322.35307600721313
45.839999999999996 303.87173071392135 313.82215615428714 322.3710325585479
45.96 303.8728299670877 313.8283154932068 322.3888381096798
46.08 303.8739154565575 313.83441073721093 322.4064937831273
46.199999999999996 303.8749873546654 313.84044252573267 322.42400069501446
46.32 303.87604583158816 313.8464114922408 322.44135995507986
46.44 303.8770910553718 313.8523182642891 322.45857266668565
46.559999999999995 303.87812319195825 313.8581634635651 322.4756399268271
46.68 303.8791424052117 313.8639477059386 322.4925628261427
46.8 303.88014885694463 313.8696716015097 322.50934244892477
46.92 303.8811427069433 313.8753357546571 322.5259798731301
47.04 303.88212411299355 313.8809407640855 322.54247617039164
47.16 303.8830932309054 313.88648722287286 322.5588324060302
47.28 303.88405021453804 313.89197571851764 322.57504963906666
47.4 303.88499521582423 313.89740683298544 322.59112892223453
47.519999999999996 303.88592838479434 313.90278114275543 322.60707130199313
47.64 303.88684986960027 313.90809921886654 322.62287781854087
47.76 303.88775981653885 313.9133616269633 322.63854950582913
47.879999999999995 303.8886583700752 313.91856892734154 322.6540873915763
48.0 303.8895456728655 313.9237216749933 322.6694924972825
48.12 303.89042186577984 313.92882041965225 322.6847658382442
48.239999999999995 303.89128708792447 313.93386570583806 322.6999084235697
48.36 303.8921414766638 313.9388580729008 322.7149212561947
48.48 303.8929851676425 313.9437980550652 322.729805332898
48.6 303.89381829480664 313.9486861814743 322.74456164431797
48.72 303.8946409904253 313.95352297623293 322.7591911749688
48.839999999999996 303.8954533851113 313.95830895845114 322.77369490325765
48.96 303.89625560784214 313.96304464228683 322.7880738015017
49.08 303.8970477859804 313.96773053698854 322.8023288359456
49.199999999999996 303.897830045294 313.97236714693776 322.81646096677923
49.32 303.89860250997594 313.97695497169093 322.8304711481557
49.44 303.8993653026644 313.98149450602125 322.84436032820963
49.559999999999995 303.900118544462 313.9859862399601 322.8581294490758
49.68 303.9008623549549 313.99043065883825 322.87177944690796
49.8 303.90159685223205 313.99482824332677 322.88531125189775
49.92 303.9023221529038 313.9991794694775 322.8987257882942
50.04 303.9030383721205 314.0034848087635 322.9120239744233
50.16 303.90374562359045 314.0077447281191 322.9252067227077
50.28 303.9044440195985 314.0119596899796 322.93827493968683
50.4 303.90513367102335 314.0161301523206 322.9512295260371
50.519999999999996 303.9058146873556 314.02025656869733 322.9640713765923
50.64 303.9064871767148 314.0243393882835 322.97680138036446
50.76 303.90715124586677 314.0283790559101 322.9894204205645
50.879999999999995 303.90780700024055 314.03237601210327 323.0019293746235
51.0 303.9084545439451 314.03633069312286 323.0143291142139
51.12 303.9090939797857 314.04024353099993 323.02662050527096
51.239999999999995 303.90972540928067 314.04411495357436 323.0388044080142
51.36 303.910348932677 314.047945384532 323.0508816769696
51.48 303.91096464896657 314.0517352434416 323.06285316099127
51.6 303.91157265590186 314.0554849457916 323.0747197032836
51.72 303.9121730500113 314.0591949030265 323.08648214142386
51.839999999999996 303.91276592661467 314.06286552258285 323.0981413073842
51.96 303.9133513798384 314.06649720792535 323.1096980275546
52.08 303.9139295026302 314.0700903585822 323.12115312276546
52.199999999999996 303.9145003867741 314.07364537018066 323.1325074083106
52.32 303.91506412290477 314.07716263448185 323.14376169397
52.44 303.9156208005222 314.08064253941575 323.15491678403345
52.559999999999995 303.9161705080058 314.0840854691156 323.16597347732323
52.68 303.91671333262815 314.0874918039522 323.1769325672179
52.8 303.91724936056926 314.09086192056793 323.1877948416755
52.919999999999995 303.9177786769301 314.09419619191044 323.1985610832576
53.04 303.91830136574595 314.09749498726615 323.2092320691525
53.16 303.91881751000005 314.10075867229347 323.2198085711995
53.28 303.91932719163657 314.1039876090557 323.2302913559124
53.4 303.9198304915736 314.10718215605385 323.24068118450384
53.519999999999996 303.9203274897161 314.11034266825897 323.2509788129092
53.64 303.92081826496855 314.1134694971444 323.26118499181075
53.76 303.92130289524744 314.11656299071774 323.2713004666621
53.879999999999995 303.9217814574937 314.11962349355235 323.2813259777124
54.0 303.92225402768486 314.1226513468191 323.29126226003075
54.12 303.9227206808472 314.12564688831736 323.30111004353057
54.239999999999995 303.9231814910675 314.12861045250594 323.3108700529944
54.36 303.92363653150505 314.13154237053374 323.32054300809824
54.48 303.9240858744029 314.1344429702704 323.3301296234363
54.6 303.9245295910998 314.1373125763364 323.3396306085457
54.72 303.9249677520411 314.14015151013285 323.34904666793125
54.839999999999996 303.9254004267901 314.1429600898715 323.3583785010902
54.96 303.9258276840392 314.14573863060406 323.36762680253713
55.08 303.9262495916206 314.1484874442515 323.37679226182877
55.199999999999996 303.92666621651733 314.151206839633 323.38587556358897
55.32 303.92707762487356 314.1538971224948 323.3948773875336
55.44 303.9274838820054 314.1565585955387 323.40379840849556
55.559999999999995 303.927885052411 314.15919155845023 323.4126392964498
55.68 303.9282811997811 314.1617963079271 323.4214007165384
55.8 303.9286723870089 314.1643731377066 323.43008332909545
55.919999999999995 303.9290586762 314.1669223385935 323.4386877896722
56.04 303.92944012868253 314.1694441984874 323.44721474906225
56.16 303.92981680501674 314.1719390024097 323.4556648533265
56.28 303.9301887650045 314.1744070325309 323.4640387438182
56.4 303.930556067699 314.1768485681969 323.47233705720834
56.519999999999996 303.93091877141393 314.17926388595566 323.48056042551036
56.64 303.93127693373293 314.18165325958375 323.48870947610556
56.76 303.93163061151864 314.18401696011193 323.49678483176814
56.879999999999995 303.9319798609216 314.18635525585125 323.5047871106902
57.0 303.9323247373895 314.1886684124187 323.51271692650687
57.12 303.9326652956755 314.19095669276237 323.5205748883215
57.239999999999995 303.9330015898475 314.193220357187 323.5283616007306
57.36 303.93333367329615 314.1954596633786 323.53607766384897
57.48 303.9336615987438 314.19767486642945 323.5437236733347
57.599999999999994 303.9339854182525 314.19986621886255 323.5513002204142
57.72 303.9343051832326 314.20203397065603 323.5588078919072
57.839999999999996 303.9346209444506 314.20417836926725 323.56624727025167
57.96 303.93493275203747 314.2062996596567 323.57361893352896
58.08 303.9352406554964 314.20839808431174 323.5809234554884
58.199999999999996 303.9355447037108 314.21047388327025 323.5881614055725
58.32 303.93584494495195 314.2125272941438 323.59533334894167
58.44 303.9361414268869 314.2145585521409 323.6024398464989
58.559999999999995 303.9364341965856 314.2165678900898 323.6094814549148
58.68 303.93672330052885 314.21855553846126 323.6164587266523
58.8 303.93700878461544 314.2205217253912 323.6233722099911
58.919999999999995 303.9372906941694 314.222466676703 323.6302224490527
59.04 303.93756907394726 314.2243906159294 323.63700998382484
59.16 303.93784396814516 314.2262937643348 323.643735350186
59.28 303.93811542040595 314.22817634093684 323.6503990799301
59.4 303.9383834738259 314.230038562528 323.65700170079083
59.519999999999996 303.93864817096176 314.231880643697 323.66354373646624
59.64 303.9389095538374 314.23370279684997 323.67002570664295
59.76 303.93916766395046 314.2355052322315 323.6764481270206
59.879999999999995 303.93942254227915 314.23728815794544 323.6828115093361
60.0 303.9396742292884 314.2390517799756 323.68911636138773
60.12 303.9399227649366 314.24079630220615 323.69536318705946
60.239999999999995 303.9401681886818 314.2425219264419 323.70155248634495
60.36 303.94041053948797 314.2442288524285 323.7076847553716
60.48 303.9406498558313 314.24591727787225 323.7137604864245
60.599999999999994 303.94088617570605 314.24758739846 323.7197801679705
60.72 303.94111953663094 314.2492394078786 323.7257442846817
60.839999999999996 303.94134997565476 314.2508734978342 323.73165331745963
60.96 303.9415775293626 314.2524898580719 323.7375077434587
61.08 303.9418022338813 314.2540886763943 323.74330803610997
61.199999999999996 303.9420241248854 314.2556701386807 323.7490546651446
61.32 303.94224323760284 314.2572344289058 323.75474809661756
61.44 303.94245960682036 314.25878172915816 323.76038879293077
61.559999999999995 303.94267326688924 314.2603122196586 323.7659772128567
61.68 303.94288425173056 314.2618260787785 323.77151381156153
61.8 303.9430925948407 314.26332348305783 323.7769990406285
61.919999999999995 303.94329832929674 314.264804607223 323.78243334808076
62.04 303.94350148776147 314.26626962420465 323.78781717840474
62.16 303.9437021024887 314.26771870515523 323.79315097257296
62.28 303.94390020532853 314.26915201946633 323.7984351680669
62.4 303.94409582773216 314.2705697347861 323.80367019889985
62.519999999999996 303.94428900075695 314.2719720170362 323.80885649563976
62.64 303.94447975507154 314.2733590304289 323.81399448543175
62.76 303.94466812096044 314.2747309374836 323.81908459202066
62.879999999999995 303.944854128329 314.2760878990439 323.82412723577374
63.0 303.94503780670817 314.2774300742937 323.82912283370285
63.12 303.94521918525913 314.2787576207738 323.8340717994868
63.239999999999995 303.9453982927779 314.28007069439786 323.8389745434938
63.36 303.9455751576999 314.28136944946874 323.84383147280323
63.48 303.9457498081047 314.2826540386941 323.84864299122813
63.599999999999994 303.9459222717201 314.2839246132024 323.8534094993368
63.72 303.9460925759268 314.28518132255823 323.858131394475
63.839999999999996 303.9462607477626 314.2864243147782 323.86280907078736
63.96 303.9464268139269 314.28765373634576 323.8674429192396
64.08 303.94659080078463 314.2888697322268 323.87203332763966
64.2 303.94675273437076 314.29007244588433 323.8765806806596
64.32 303.94691264039415 314.29126201929375 323.8810853598567
64.44 303.94707054424185 314.2924385929574 323.88554774369516
64.56 303.947226470983 314.2936023059192 323.88996820756705
64.67999999999999 303.94738044537286 314.2947532957791 323.8943471238136
64.8 303.9475324918567 314.29589169870763 323.89868486174623
64.92 303.94768263457377 314.2970176494599 323.9029817876677
65.03999999999999 303.94783089736103 314.29813128138994 323.9072382648927
65.16 303.947977303757 314.29923272646437 323.9114546537688
65.28 303.94812187700546 314.3003221152765 323.9156313116972
65.39999999999999 303.94826464005916 314.3013995770599 323.91976859315315
65.52 303.9484056155835 314.3024652397019 323.9238668497066
65.64 303.94854482596 314.3035192297573 323.9279264300426
65.75999999999999 303.94868229329006 314.3045616724614 323.9319476799814
65.88 303.9488180393982 314.30559269174336 323.93593094249906
66.0 303.94895208583574 314.30661241023927 323.93987655774714
66.12 303.94908445388427 314.3076209493051 323.943784863073
66.24 303.9492151645588 314.3086184290294 323.9476561930396
66.36 303.94934423861116 314.3096049682463 323.9514908794455
66.48 303.94947169653346 314.3105806845477 323.95528925134425
66.6 303.9495975585612 314.3115456942961 323.9590516350644
66.72 303.9497218446765 314.3125001126368 323.9627783542287
66.84 303.94984457461123 314.3134440535102 323.9664697297739
66.96 303.9499657678503 314.31437762966374 323.9701260799697
67.08 303.95008544363463 314.3153009526642 323.97374772043827
67.2 303.95020362096415 314.3162141329093 323.9773349641733
67.32 303.950320318601 314.3171172796397 323.98088812155896
67.44 303.95043555507226 314.3180105009506 323.98440750038907
67.56 303.9505493486732 314.31889390380326 323.98789340588564
67.67999999999999 303.9506617174698 314.3197675940364 323.99134614071784
67.8 303.95077267930213 314.3206316763778 323.99476600502055
67.92 303.9508822517866 314.3214862544552 323.998153296413
68.03999999999999 303.9509904523192 314.32233143080754 324.0015083100172
68.16 303.95109729807814 314.3231673068962 324.00483133847604
68.28 303.9512028060264 314.32399398311554 324.008122671972
68.39999999999999 303.9513069929147 314.324811558804 324.01138259824484
68.52 303.9514098752839 314.3256201322547 324.01461140261006
68.64 303.95151146946785 314.32641980072594 324.01780936797655
68.75999999999999 303.95161179159584 314.3272106604519 324.0209767748646
68.88 303.9517108575953 314.3279928066529 324.0241139014236
69.0 303.9518086831941 314.3287663335458 324.0272210234497
69.12 303.9519052839232 314.32953133435404 324.03029841440343
69.24 303.9520006751192 314.33028790131794 324.0333463454271
69.36 303.9520948719266 314.33103612570466 324.0363650853621
69.48 303.9521878893002 314.33177609781796 324.03935490076634
69.6 303.95227974200776 314.3325079070082 324.0423160559313
69.72 303.9523704446319 314.33323164168195 324.045248812899
69.84 303.95246001157284 314.3339473893116 324.0481534314792
69.96 303.95254845705034 314.33465523644503 324.0510301692661
70.08 303.95263579510623 314.33535526871486 324.0538792816551
70.2 303.9527220396065 314.33604757084805 324.0567010218597
70.32 303.9528072042435 314.3367322266748 324.0594956409277
70.44 303.95289130253815 314.3374093191382 324.06226338775804
70.56 303.95297434784203 314.33807893030274 324.0650045091169
70.67999999999999 303.95305635333966 314.33874114136376 324.06771924965415
70.8 303.95313733205035 314.33939603265617 324.0704078519195
70.92 303.9532172968305 314.3400436836633 324.0730705563787
71.03999999999999 303.9532962603754 314.3406841730255 324.0757076014292
71.16 303.95337423522153 314.34131757854914 324.0783192234164
71.28 303.9534512337483 314.34194397721467 324.0809056566492
71.39999999999999 303.9535272681802 314.3425634451856 324.0834671334159
71.52 303.9536023505886 314.34317605781644 324.08600388399975
71.64 303.95367649289375 314.3437818896614 324.0885161366943
71.75999999999999 303.95374970686663 314.34438101448234 324.091004117819
71.88 303.9538220041308 314.34497350525714 324.09346805173453
72.0 303.9538933961644 314.3455594341876 324.09590816085785
72.11999999999999 303.95396389430175 314.34613887270746 324.09832466567747
72.24 303.95403350973527 314.34671189149043 324.10071778476845
72.36 303.9541022535173 314.34727856045794 324.1030877348074
72.48 303.9541701365617 314.34783894878683 324.1054347305872
72.6 303.9542371696457 314.34839312491715 324.10775898503186
72.72 303.95430336341167 314.34894115655976 324.11006070921115
72.84 303.95436872836865 314.3494831107038 324.1123401123551
72.96 303.95443327489414 314.35001905362407 324.11459740186865
73.08 303.95449701323565 314.35054905088873 324.1168327833457
73.2 303.95455995351244 314.3510731673662 324.1190464605839
73.32 303.954622105717 314.3515914672327 324.1212386355983
73.44 303.9546834797168 314.3521040139793 324.1234095086358
73.56 303.95474408525564 314.3526108704189 324.12555927818914
73.67999999999999 303.95480393195544 314.3531120986936 324.1276881410107
73.8 303.95486302931755 314.3536077602813 324.12979629212634
73.92 303.9549213867244 314.3540979160028 324.13188392484926
74.03999999999999 303.95497901344095 314.3545826260284 324.1339512307935
74.16 303.95503591861615 314.355061949885 324.1359983998877
74.28 303.95509211128433 314.35553594646245 324.1380256203882
74.39999999999999 303.9551476003668 314.3560046740203 324.14003307889294
74.52 303.9552023946731 314.35646819019445 324.1420209603543
74.64 303.9552565029025 314.3569265520034 324.1439894480925
74.75999999999999 303.95530993364537 314.3573798158549 324.14593872380874
74.88 303.95536269538445 314.3578280375522 324.14786896759813
75.0 303.9554147964963 314.3582712723003 324.14978035796275
75.11999999999999 303.95546624525264 314.35870957471235 324.1516730718243
75.24 303.95551704982154 314.3591429988156 324.15354728453707
75.36 303.9555672182688 314.3595715980577 324.1554031699006
75.48 303.95561675855936 314.35999542531255 324.15724090017204
75.6 303.9556656785583 314.3604145328865 324.159060646079
75.72 303.95571398603226 314.36082897252425 324.1608625768317
75.84 303.9557616886506 314.36123879541447 324.16264686013534
75.96 303.9558087939868 314.3616440521958 324.1644136622026
76.08 303.95585530951934 314.3620447929627 324.1661631477655
76.2 303.95590124263305 314.36244106727094 324.16789548008745
76.32 303.95594660062045 314.3628329241433 324.1696108209757
76.44 303.95599139068264 314.3632204120751 324.1713093307927
76.56 303.9560356199306 314.36360357904 324.17299116846834
76.67999999999999 303.9560792953863 314.363982472495 324.17465649151137
76.8 303.9561224239837 314.36435713938636 324.1763054560214
76.92 303.95616501256995 314.36472762615443 324.17793821670017
77.03999999999999 303.9562070679066 314.36509397873937 324.1795549268634
77.16 303.9562485966703 314.3654562425862 324.1811557384517
77.28 303.9562896054544 314.3658144626501 324.1827408020426
77.39999999999999 303.95633010076943 314.36616868340144 324.18431026686113
77.52 303.9563700890446 314.3665189488309 324.18586428079146
77.64 303.9564095766284 314.36686530245464 324.1874029903878
77.75999999999999 303.9564485697901 314.3672077873191 324.18892654088546
77.88 303.95648707472026 314.36754644600603 324.1904350762118
78.0 303.956525097532 314.3678813206374 324.1919287389972
78.11999999999999 303.95656264426196 314.3682124528803 324.1934076705856
78.24 303.9565997208711 314.3685398839514 324.19487201104533
78.36 303.9566363332458 314.3688636546222 324.19632189917996
78.48 303.95667248719866 314.3691838052233 324.19775747253846
78.6 303.95670818846963 314.36950037564924 324.1991788674259
78.72 303.9567434427267 314.369813405363 324.20058621891405
78.84 303.95677825556686 314.37012293340075 324.2019796608512
78.96 303.95681263251714 314.3704289983761 324.2033593258728
79.08 303.95684657903524 314.3707316384847 324.20472534541153
79.2 303.9568801005106 314.3710308915086 324.20607784970747
79.32 303.9569132022652 314.37132679482073 324.20741696781795
79.44 303.9569458895543 314.37161938538907 324.20874282762776
79.56 303.95697816756734 314.371908699781 324.21005555585873
79.67999999999999 303.957010041429 314.3721947741675 324.2113552780798
79.8 303.9570415161995 314.3724776443275 324.2126421187166
79.92 303.95707259687595 314.37275734565185 324.2139162010612
80.03999999999999 303.9571032883927 314.3730339131474 324.2151776472816
80.16 303.95713359562245 314.37330738144135 324.2164265784314
80.28 303.95716352337683 314.37357778478486 324.2176631144592
80.39999999999999 303.9571930764072 314.3738451570573 324.2188873742177
80.52 303.95722225940546 314.3741095317703 324.2200994754735
80.64 303.9572510770048 314.37437094207127 324.22129953491594
80.75999999999999 303.95727953378037 314.3746294207476 324.22248766816654
80.88 303.95730763425 314.37488500023045 324.2236639897879
81.0 303.957335382875 314.37513771259825 324.2248286132928
81.11999999999999 303.95736278406076 314.3753875895807 324.2259816511532
81.24 303.9573898421576 314.3756346625626 324.22712321480907
81.36 303.95741656146134 314.3758789625871 324.22825341467734
81.48 303.9574429462139 314.3761205203596 324.2293723601605
81.6 303.95746900060425 314.3763593662515 324.2304801596553
81.72 303.95749472876884 314.37659553030335 324.2315769205617
81.84 303.9575201347923 314.3768290422286 324.23266274929085
81.96 303.9575452227081 314.3770599314172 324.2337377512742
82.08 303.95756999649933 314.37728822693873 324.2348020309715
82.2 303.95759446009913 314.3775139575461 324.2358556918793
82.32 303.95761861739135 314.37773715167884 324.23689883653935
82.44 303.95764247221126 314.3779578374663 324.2379315665467
82.56 303.9576660283461 314.3781760427311 324.23895398255803
82.67999999999999 303.9576892895357 314.3783917949925 324.23996618429953
82.8 303.95771225947306 314.3786051214694 324.24096827057514
82.92 303.9577349418049 314.3788160490836 324.24196033927444
83.03999999999999 303.9577573401324 314.3790246044631 324.24294248738073
83.16 303.9577794580115 314.3792308139452 324.2439148109787
83.28 303.95780129895365 314.3794347035795 324.2448774052623
83.39999999999999 303.9578228664264 314.37963629913105 324.2458303645425
83.52 303.95784416385385 314.37983562608343 324.24677378225493
83.64 303.9578651946172 314.38003270964174 324.24770775096766
83.75999999999999 303.95788596205546 314.38022757473544 324.2486323623885
83.88 303.95790646946557 314.3804202460215 324.2495477073727
84.0 303.9579267201034 314.38061074788726 324.2504538759303
84.11999999999999 303.9579467171839 314.38079910445316 324.2513509572336
84.24 303.957966463882 314.3809853395759 324.2522390396244
84.36 303.95798596333253 314.3811694768509 324.2531182106212
84.47999999999999 303.9580052186314 314.3813515396155 324.25398855692663
84.6 303.9580242328356 314.3815315509513 324.25485016443446
84.72 303.95804300896384 314.3817095336873 324.2557031182367
84.84 303.95806154999707 314.38188551040236 324.2565475026306
84.96 303.95807985887893 314.3820595034279 324.2573834011259
85.08 303.9580979385161 314.38223153485075 324.25821089645126
85.2 303.95811579177905 314.3824016265155 324.2590300705616
85.32 303.9581334215021 314.3825698000273 324.2598410046448
85.44 303.95815083048427 314.3827360767543 324.2606437791282
85.56 303.95816802148937 314.38290047783045 324.26143847368576
85.67999999999999 303.95818499724675 314.38306302415765 324.2622251672443
85.8 303.95820176045146 314.38322373640847 324.26300393799033
85.92 303.9582183137649 314.3833826350286 324.26377486337657
86.03999999999999 303.9582346598151 314.3835397402393 324.2645380201284
86.16 303.95825080119715 314.38369507203976 324.2652934842503
86.28 303.95826674047373 314.3838486502094 324.2660413310324
86.39999999999999 303.9582824801754 314.38400049431056 324.2667816350565
86.52 303.958298022801 314.38415062369046 324.2675144702026
86.64 303.95831337081813 314.38429905748376 324.26823990965534
86.75999999999999 303.9583285266635 314.38444581461476 324.26895802590957
86.88 303.9583434927432 314.3845909137997 324.26966889077704
87.0 303.9583582714334 314.3847343735489 324.27037257539234
87.11999999999999 303.95837286508026 314.38487621216916 324.2710691502188
87.24 303.9583872760008 314.3850164477659 324.27175868505464
87.36 303.95840150648286 314.3851550982452 324.27244124903876
87.47999999999999 303.95841555878576 314.38529218131606 324.2731169106569
87.6 303.95842943514043 314.3854277144926 324.27378573774706
87.72 303.95844313774995 314.385561715096 324.2744477975058
87.84 303.9584566687897 314.3856942002567 324.2751031564935
87.96 303.958470030408 314.3858251869164 324.2757518806405
88.08 303.95848322472614 314.38595469183025 324.2763940352523
88.2 303.9584962538388 314.3860827315686 324.2770296850156
88.32 303.95850911981455 314.38620932251916 324.27765889400354
88.44 303.95852182469605 314.38633448088905 324.2782817256814
88.56 303.95853437050033 314.3864582227066 324.278898242912
88.67999999999999 303.9585467592192 314.3865805638234 324.27950850796117
88.8 303.9585589928195 314.3867015199161 324.280112582503
88.92 303.9585710732435 314.3868211064884 324.2807105276254
89.03999999999999 303.95858300240906 314.38693933887293 324.2813024038351
89.16 303.9585947822101 314.387056232233 324.2818882710632
89.28 303.95860641451685 314.3871718015646 324.2824681886701
89.39999999999999 303.958617901176 314.387286061698 324.28304221545085
89.52 303.95862924401126 314.3873990272997 324.2836104096401
89.64 303.9586404448234 314.38751071287425 324.28417282891746
89.75999999999999 303.9586515053907 314.38762113276584 324.28472953041216
89.88 303.9586624274692 314.3877303011602 324.2852805707083
90.0 303.95867321279286 314.3878382320862 324.2858260058498
90.11999999999999 303.958683863074 314.3879449394176 324.286365891345
90.24 303.95869438000346 314.3880504368747 324.28690028217187
90.36 303.95870476525096 314.3881547380262 324.28742923278276
90.47999999999999 303.95871502046526 314.38825785629047 324.2879527971091
90.6 303.95872514727455 314.3883598049376 324.28847102856605
90.72 303.9587351472865 314.38846059709067 324.2889839800575
90.84 303.9587450220888 314.38856024572766 324.2894917039804
90.96 303.95875477324915 314.3886587636827 324.28999425222963
91.08 303.9587644023157 314.38875616364794 324.29049167620246
91.2 303.9587739108172 314.3888524581749 324.29098402680313
91.32 303.9587833002631 314.388947659676 324.29147135444737
91.44 303.95879257214426 314.3890417804262 324.29195370906683
91.56 303.95880172793267 314.3891348325645 324.29243114011354
91.67999999999999 303.9588107690819 314.38922682809516 324.2929036965643
91.8 303.95881969702725 314.3893177788895 324.2933714269249
91.92 303.9588285131863 314.3894076966872 324.2938343792348
92.03999999999999 303.9588372189586 314.3894965930977 324.294292601071
92.16 303.95884581572636 314.3895844796017 324.2947461395525
92.28 303.9588543048544 314.3896713675525 324.29519504134447
92.39999999999999 303.9588626876905 314.38975726817745 324.2956393526624
92.52 303.9588709655655 314.38984219257924 324.2960791192764
92.64 303.95887913979357 314.3899261517374 324.29651438651484
92.75999999999999 303.95888721167256 314.3900091565095 324.2969451992691
92.88 303.9588951824839 314.3900912176325 324.29737160199693
93.0 303.9589030534931 314.39017234572424 324.2977936387269
93.11999999999999 303.9589108259498 314.3902525512845 324.2982113530622
93.24 303.9589185010879 314.3903318446964 324.29862478818455
93.36 303.958926080126 314.3904102362277 324.29903398685815
93.47999999999999 303.9589335642673 314.39048773603207 324.2994389914334
93.6 303.95894095470004 314.3905643541503 324.29983984385103
93.72 303.9589482525975 314.39064010051146 324.3002365856455
93.84 303.95895545911833 314.39071498493433 324.3006292579491
93.96 303.95896257540664 314.3907890171284 324.3010179014954
94.08 303.9589696025923 314.3908622066951 324.30140255662326
94.2 303.95897654179083 314.39093456312906 324.30178326328013
94.32 303.95898339410405 314.39100609581936 324.30216006102603
94.44 303.95899016061975 314.39107681405045 324.3025329890369
94.56 303.95899684241226 314.39114672700344 324.30290208610825
94.67999999999999 303.95900344054235 314.3912158437572 324.30326739065873
94.8 303.95900995605757 314.3912841732896 324.30362894073363
94.92 303.9590163899923 314.3913517244784 324.3039867740083
95.03999999999999 303.9590227433681 314.39141850610247 324.30434092779166
95.16 303.9590290171936 314.39148452684293 324.3046914390295
95.28 303.95903521246476 314.3915497952841 324.3050383443081
95.39999999999999 303.95904133016523 314.39161431991465 324.3053816798573
95.52 303.9590473712663 314.3916781091286 324.3057214815541
95.64 303.95905333672704 314.39174117122633 324.30605778492566
95.75999999999999 303.9590592274945 314.39180351441576 324.30639062515286
95.88 303.9590650445039 314.3918651468132 324.3067200370734
96.0 303.95907078867884 314.3919260764444 324.30704605518497
96.11999999999999 303.95907646093127 314.39198631124566 324.30736871364854
96.24 303.95908206216166 314.3920458590646 324.3076880462914
96.36 303.9590875932593 314.39210472766126 324.30800408661037
96.47999999999999 303.95909305510236 314.39216292470917 324.30831686777486
96.6 303.95909844855794 314.3922204577961 324.30862642263
96.72 303.95910377448234 314.3922773344251 324.3089327836997
96.84 303.95910903372106 314.3923335620154 324.3092359831894
96.96 303.9591142271091 314.3923891479033 324.3095360529895
97.08 303.95911935547105 314.3924440993434 324.3098330246779
97.2 303.959124419621 314.39249842350887 324.3101269295234
97.32 303.95912942036296 314.392552127493 324.31041779848806
97.44 303.95913435849087 314.3926052183096 324.31070566223053
97.56 303.9591392347887 314.3926577028942 324.3109905511087
97.67999999999999 303.95914405003066 314.3927095881047 324.31127249518266
97.8 303.95914880498117 314.3927608807224 324.31155152421735
97.92 303.9591535003952 314.3928115874526 324.31182766768546
98.03999999999999 303.95915813701816 314.3928617149258 324.31210095477024
98.16 303.95916271558616 314.39291126969806 324.31237141436804
98.28 303.95916723682615 314.39296025825223 324.3126390750912
98.39999999999999 303.9591717014559 314.39300868699866 324.3129039652708
98.52 303.9591761101842 314.3930565622758 324.3131661129589
98.64 303.95918046371105 314.39310389035114 324.3134255459318
98.75999999999999 303.9591847627276 314.3931506774221 324.3136822916921
98.88 303.9591890079164 314.3931969296167 324.31393637747163
99.0 303.95919319995136 314.39324265299416 324.31418783023395
99.11999999999999 303.9591973394981 314.393287853546 324.3144366766768
99.24 303.9592014272137 314.39333253719644 324.31468294323463
99.36 303.95920546374725 314.3933767098034 324.3149266560813
99.47999999999999 303.95920944973955 314.3934203771592 324.31516784113234
99.6 303.95921338582343 314.3934635449911 324.31540652404743
99.72 303.9592172726238 314.3935062189623 324.3156427302329
99.84 303.9592211107577 314.3935484046723 324.3158764848442
99.96 303.95922490083456 314.39359010765793 324.316107812788
100.08 303.959228643456 314.39363133339396 324.31633673872506
100.2 303.95923233921627 314.3936720872936 324.3165632870721
100.32 303.9592359887021 314.3937123747095 324.31678748200426
100.44 303.9592395924929 314.393752200934 324.3170093474576
100.56 303.9592431511608 314.39379157120027 324.31722890713115
100.67999999999999 303.9592466652708 314.39383049068266 324.31744618448926
100.8 303.9592501353808 314.39386896449736 324.3176612027638
100.92 303.9592535620417 314.3939069977032 324.3178739849566
101.03999999999999 303.9592569457975 314.3939445953022 324.3180845538412
101.16 303.9592602871855 314.39398176224006 324.3182929319655
101.28 303.95926358673614 314.3940185034071 324.3184991416537
101.39999999999999 303.9592668449733 314.39405482363856 324.31870320500843
101.52 303.9592700624142 314.3940907277154 324.31890514391284
101.64 303.95927323956965 314.3941262203649 324.31910498003293
101.75999999999999 303.9592763769441 314.39416130626114 324.3193027348193
101.88 303.95927947503566 314.3941959900256 324.31949842950957
102.0 303.9592825343361 314.3942302762279 324.3196920851301
102.11999999999999 303.95928555533123 314.39426416938625 324.3198837224982
102.24 303.95928853850063 314.394297673968 324.32007336222415
102.36 303.9592914843179 314.3943307943903 324.3202610247131
102.47999999999999 303.95929439325073 314.3943635350206 324.3204467301671
102.6 303.95929726576094 314.39439590017713 324.320630498587
102.72 303.9593001023046 314.3944278941296 324.3208123497744
102.83999999999999 303.95930290333206 314.39445952109963 324.3209923033338
102.96 303.95930566928797 314.3944907852613 324.321170378674
103.08 303.95930840061146 314.39452169074184 324.32134659501054
103.2 303.9593110977362 314.3945522416218 324.321520971367
103.32 303.95931376109036 314.3945824419359 324.32169352657746
103.44 303.95931639109676 314.39461229567337 324.32186427928787
103.56 303.959318988173 314.39464180677857 324.32203324795796
103.67999999999999 303.95932155273135 314.39467097915133 324.32220045086325
103.8 303.959324085179 314.3946998166476 324.32236590609654
103.92 303.959326585918 314.39472832307973 324.32252963156986
104.03999999999999 303.9593290553454 314.3947565022174 324.32269164501616
104.16 303.9593314938532 314.39478435778744 324.3228519639911
104.28 303.95933390182853 314.394811893475 324.3230106058747
104.39999999999999 303.9593362796537 314.39483911292336 324.323167587873
104.52 303.9593386277063 314.394866019735 324.32332292701983
104.64 303.959340946359 314.3948926174715 324.3234766401785
104.75999999999999 303.95934323598 314.3949189096545 324.3236287440434
104.88 303.9593454969327 314.39494489976573 324.3237792551416
105.0 303.95934772957617 314.3949705912478 324.32392818983453
105.11999999999999 303.9593499342648 314.3949959875043 324.3240755643196
105.24 303.95935211134866 314.39502109190045 324.3242213946318
105.36 303.95935426117336 314.3950459077636 324.3243656966452
105.47999999999999 303.9593563840802 314.3950704383833 324.32450848607454
105.6 303.9593584804062 314.39509468701226 324.32464977847684
105.72 303.9593605504842 314.3951186568662 324.32478958925293
105.83999999999999 303.9593625946428 314.39514235112466 324.32492793364884
105.96 303.9593646132067 314.3951657729312 324.3250648267575
106.08 303.9593666064962 314.3951889253939 324.32520028352013
106.2 303.9593685748278 314.3952118115857 324.32533431872764
106.32 303.95937051851405 314.39523443454476 324.3254669470223
106.44 303.95937243786346 314.39525679727507 324.32559818289894
106.56 303.9593743331808 314.3952789027465 324.3257280407066
106.67999999999999 303.95937620476695 314.3953007538954 324.3258565346499
106.8 303.9593780529191 314.395322353625 324.32598367879035
106.92 303.9593798779306 314.3953437048055 324.32610948704786
107.03999999999999 303.9593816800912 314.3953648102748 324.326233973202
107.16 303.95938345968705 314.3953856728387 324.3263571508936
107.28 303.95938521700066 314.3954062952712 324.3264790336259
107.39999999999999 303.95938695231104 314.39542668031487 324.32659963476584
107.52 303.9593886658937 314.3954468306814 324.3267189675457
107.64 303.95939035802064 314.3954667490517 324.3268370450641
107.75999999999999 303.95939202896056 314.3954864380763 324.32695388028753
107.88 303.9593936789787 314.3955059003758 324.32706948605147
108.0 303.95939530833704 314.395525138541 324.32718387506185
108.11999999999999 303.95939691729427 314.3955441551336 324.3272970598961
108.24 303.95939850610586 314.3955629526861 324.3274090530047
108.36 303.959400075024 314.39558153370234 324.3275198667122
108.47999999999999 303.95940162429775 314.3955999006578 324.3276295132184
108.6 303.9594031541732 314.39561805600005 324.32773800459995
108.72 303.95940466489304 314.39563600214876 324.32784535281104
108.83999999999999 303.9594061566973 314.39565374149623 324.32795156968507
108.96 303.95940762982275 314.3956712764077 324.32805666693554
109.08 303.95940908450325 314.39568860922157 324.32816065615737
109.2 303.95941052096975 314.3957057422497 324.32826354882803
109.32 303.9594119394503 314.3957226777777 324.32836535630867
109.44 303.95941334017016 314.39573941806543 324.3284660898453
109.56 303.9594147233517 314.395755965347 324.32856576056986
109.67999999999999 303.95941608921447 314.3957723218312 324.32866437950156
109.8 303.95941743797533 314.3957884897018 324.3287619575476
109.92 303.9594187698484 314.3958044711177 324.3288585055047
110.03999999999999 303.95942008504517 314.3958202682134 324.32895403405985
110.16 303.95942138377444 314.3958358830992 324.32904855379167
110.28 303.95942266624235 314.3958513178614 324.3291420751712
110.39999999999999 303.95942393265256 314.39586657456255 324.3292346085633
110.52 303.9594251832061 314.3958816552419 324.32932616422727
110.64 303.95942641810154 314.39589656191555 324.3294167523183
110.75999999999999 303.9594276375349 314.3959112965766 324.3295063828883
110.88 303.9594288416998 314.39592586119574 324.32959506588696
111.0 303.95943003078736 314.395940257721 324.3296828111627
111.11999999999999 303.95943120498646 314.3959544880784 324.32976962846374
111.24 303.95943236448346 314.39596855417216 324.3298555274392
111.36 303.95943350946243 314.39598245788477 324.3299405176397
111.47999999999999 303.9594346401052 314.39599620107737 324.33002460851895
111.6 303.95943575659123 314.39600978558997 324.330107809434
111.72 303.9594368590978 314.3960232132416 324.33019012964684
111.83999999999999 303.9594379478 314.3960364858307 324.33027157832487
111.96 303.9594390228705 314.39604960513515 324.33035216454215
112.08 303.95944008448015 314.39606257291274 324.3304318972801
112.2 303.95944113279745 314.3960753909012 324.33051078542866
112.32 303.9594421679888 314.39608806081856 324.33058883778693
112.44 303.95944319021856 314.39610058436324 324.3306660630643
112.56 303.95944419964906 314.39611296321436 324.3307424698812
112.67999999999999 303.9594451964405 314.396125199032 324.33081806677
112.8 303.9594461807512 314.39613729345723 324.33089286217603
112.92 303.9594471527373 314.3961492481126 324.33096686445816
113.03999999999999 303.9594481125533 314.3961610646021 324.33104008189
113.16 303.95944906035146 314.3961727445115 324.3311125226606
113.28 303.9594499962823 314.39618428940844 324.3311841948751
113.39999999999999 303.95945092049436 314.39619570084284 324.3312551065559
113.52 303.95945183313444 314.3962069803469 324.3313252656433
113.64 303.9594527343474 314.3962181294354 324.3313946799962
113.75999999999999 303.9594536242763 314.3962291496058 324.3314633573933
113.88 303.95945450306243 314.3962400423386 324.33153130553353
114.0 303.9594553708453 314.3962508090974 324.33159853203694
114.11999999999999 303.95945622776276 314.39626145132917 324.3316650444456
114.24 303.9594570739508 314.3962719704643 324.33173085022423
114.36 303.9594579095437 314.39628236791697 324.33179595676114
114.47999999999999 303.9594587346742 314.39629264508517 324.3318603713688
114.6 303.95945954947325 314.39630280335103 324.33192410128476
114.72 303.9594603540703 314.3963128440809 324.3319871536723
114.83999999999999 303.959461148593 314.39632276862557 324.3320495356212
114.96 303.9594619331675 314.39633257832037 324.3321112541486
115.08 303.9594627079184 314.39634227448545 324.33217231619943
115.19999999999999 303.9594634729687 314.39635185842593 324.33223272864745
115.32 303.95946422843986 314.396361331432 324.33229249829577
115.44 303.95946497445175 314.39637069477914 324.3323516318776
115.56 303.9594657111229 314.3963799497283 324.33241013605704
115.67999999999999 303.9594664385702 314.3963890975261 324.3324680174296
115.8 303.95946715690917 314.39639813940477 324.33252528252314
115.92 303.9594678662539 314.39640707658265 324.3325819377982
116.03999999999999 303.9594685667169 314.3964159102641 324.33263798964896
116.16 303.95946925840946 314.3964246416398 324.3326934444039
116.28 303.95946994144134 314.3964332718867 324.3327483083263
116.39999999999999 303.959470615921 314.39644180216845 324.33280258761494
116.52 303.9594712819556 314.3964502336354 324.33285628840486
116.64 303.95947193965077 314.39645856742465 324.33290941676785
116.75999999999999 303.959472589111 314.39646680466046 324.33296197871323
116.88 303.95947323043936 314.3964749464542 324.33301398018835
117.0 303.9594738637377 314.3964829939045 324.33306542707925
117.11999999999999 303.95947448910647 314.3964909480975 324.3331163252114
117.24 303.9594751066451 314.39649881010683 324.3331666803501
117.36 303.9594757164515 314.396506580994 324.33321649820124
117.47999999999999 303.95947631862254 314.39651426180836 324.3332657844119
117.6 303.95947691325387 314.39652185358716 324.3333145445707
117.72 303.95947750043985 314.3965293573559 324.33336278420893
117.83999999999999 303.9594780802737 314.3965367741283 324.3334105088004
117.96 303.95947865284745 314.3965441049066 324.33345772376265
118.08 303.95947921825206 314.39655135068136 324.3335044344572
118.19999999999999 303.95947977657727 314.396558512432 324.3335506461902
118.32 303.9594803279117 314.3965655911268 324.3335963642129
118.44 303.9594808723429 314.3965725877227 324.3336415937224
118.56 303.9594814099573 314.3965795031659 324.33368633986197
118.67999999999999 303.95948194084025 314.39658633839184 324.33373060772175
118.8 303.95948246507606 314.39659309432506 324.3337744023392
118.92 303.95948298274794 314.3965997718796 324.3338177286997
119.03999999999999 303.9594834939381 314.3966063719591 324.3338605917371
119.16 303.9594839987276 314.39661289545677 324.3339029963341
119.28 303.9594844971967 314.3966193432557 324.3339449473228
119.39999999999999 303.9594849894245 314.39662571622875 324.3339864494854
119.52 303.9594854754891 314.3966320152389 324.33402750755454
119.64 303.9594859554677 314.39663824113916 324.3340681262138
119.75999999999999 303.95948642943654 314.39664439477286 324.33410831009826
119.88 303.9594868974708 314.3966504769736 324.33414806379494
120.0 303.95948735964487 314.3966564885655 324.3341873918433
